1 8495000 000000000000000000000000000000001000000000010000100001010100000010000001001 
2 8515000 000000000000000000000000000000000000000000000000010000000000000000000001001 
3 8535000 000000000000000000000000000000000100000000000000000000000000000001000001001 
4 8875000 000000000000000000000000000000001000001000010000000001110000000001000001011 
5 8895000 000000000000000000000000000000000000000000000000000001000100110111000001011 
6 8915000 000000000000000000000000000000000110011111111100010000000100011011000001011 
7 9215000 000000000000000000000000000000001000000000010000100001010100000010000001001 
8 9235000 000000000000000000000000000000000000000000000000010000000000000000000001001 
9 9255000 000000000000000000000000000000000100000000000000000000000000000001000001001 
10 9575000 000000000000000000000000000000001000001000010000000001110000000001000001011 
11 9595000 000000000000000000000000000000000000000000000000000001000100110111000001011 
12 9615000 000000000000000000000000000000000110011111111100010000000100011011000001011 
13 9915000 000000000000000000000000000000001000000000010000100001010100000010000001001 
14 9935000 000000000000000000000000000000000000000000000000010000000000001000000001001 
15 9955000 000000000000000000000000000000000100000000000000000000000000000001000001001 
16 10275000 000000000000000000000000000000001000001000010000000001110000000001000001011 
17 10295000 000000000000000000000000000000000000000001010000010001000100010011000001011 
18 10315000 000000000000000000000000000000000100000000001100000000001010010011000001011 
19 10615000 000000000000000000000000000000001000000000010000100001010100000010000001001 
20 10635000 000000000000000000000000000000000000000000000000010000000000001000000001001 
21 10655000 000000000000000000000000000000000100000000000000000000000000000001000001001 
22 10975000 000000000000000000000000000000001000001000010000000001110000000001000001011 
23 10995000 000000000000000000000000000000000000000001010000010001000100010011000001011 
24 11015000 000000000000000000000000000000000100000000001100000000001010010011000001011 
25 11315000 000000000000000000000000000000001000000000010000100001010100000010000001001 
26 11335000 000000000000000000000000000000000000000000000000010000000000010000000001001 
27 11355000 000000000000000000000000000000000100000000000000000000000000000001000001001 
28 11675000 000000000000000000000000000000001000001000010000000001110000000001000001011 
29 11695000 000000000000000000000000000000000000000000010000000000001010010011000001011 
30 11715000 000000000000000000000000000000000100000000011000101000010110110011000001011 
31 12015000 000000000000000000000000000000001000000000010000100001010100000010000001001 
32 12035000 000000000000000000000000000000000000000000000000010000000000010000000001001 
33 12055000 000000000000000000000000000000000100000000000000000000000000000001000001001 
34 12375000 000000000000000000000000000000001000001000010000000001110000000001000001011 
35 12395000 000000000000000000000000000000000000000000010000000000001010010011000001011 
36 12415000 000000000000000000000000000000000100000000011000101000010110110011000001011 
37 12715000 000000000000000000000000000000001000000000010000100001010100000010000001001 
38 12735000 000000000000000000000000000000000000000000000000010000000000011000000001001 
39 12755000 000000000000000000000000000000000100000000000000000000000000000001000001001 
40 13075000 000000000000000000000000000000001000001000010000000001110000000001000001011 
41 13095000 000000000000000000000000000000000000000000000100000000011110011011000001011 
42 13115000 000000000000000000000000000000000100000001111101111001011110010011000001011 
43 13415000 000000000000000000000000000000001000000000010000100001010100000010000001001 
44 13435000 000000000000000000000000000000000000000000000000010000000000011000000001001 
45 13455000 000000000000000000000000000000000100000000000000000000000000000001000001001 
46 13775000 000000000000000000000000000000001000001000010000000001110000000001000001011 
47 13795000 000000000000000000000000000000000000000000000100000000011110011011000001011 
48 13815000 000000000000000000000000000000000100000001111101111001011110010011000001011 
49 14115000 000000000000000000000000000000001000000000010000100001010100000010000001001 
50 14135000 000000000000000000000000000000000000000000000000010000000000100000000001001 
51 14155000 000000000000000000000000000000000100000000000000000000000000000001000001001 
52 14475000 000000000000000000000000000000001000001000010000000001110000000001000001011 
53 14495000 000000000000000000000000000000000000000000101101111010001000100011000001011 
54 14515000 000000000000000000000000000000000100000000010001111010001010000011000001011 
55 14815000 000000000000000000000000000000001000000000010000100001010100000010000001001 
56 14835000 000000000000000000000000000000000000000000000000010000000000100000000001001 
57 14855000 000000000000000000000000000000000100000000000000000000000000000001000001001 
58 15175000 000000000000000000000000000000001000001000010000000001110000000001000001011 
59 15195000 000000000000000000000000000000000000000000101101111010001000100011000001011 
60 15215000 000000000000000000000000000000000100000000010001111010001010000011000001011 
64 15515000 000000000000000000000000000000001000000000010000100001010100000010000001001 
65 15535000 000000000000000000000000000000000000000000000000010000000000101000000001001 
66 15555000 000000000000000000000000000000000100000000000000000000000000000001000001001 
67 15875000 000000000000000000000000000000001000001000010000000001110000000001000001011 
68 15895000 000000000000000000000000000000000000000000010101010000010100010011000001011 
69 15915000 000000000000000000000000000000000100000000101001111010010000100011000001011 
76 16375000 000000000000000000000000000000001000000000010000100001010100000010000001001 
77 16395000 000000000000000000000000000000000000000000000000010000000000101000000001001 
78 16415000 000000000000000000000000000000000100000000000000000000000000000001000001001 
79 16735000 000000000000000000000000000000001000001000010000000001110000000001000001011 
80 16755000 000000000000000000000000000000000000000000010101010000010100010011000001011 
81 16775000 000000000000000000000000000000000100000000101001111010010000100011000001011 
82 17075000 000000000000000000000000000000001000000000010000100001010100000010000001001 
83 17095000 000000000000000000000000000000000000000000000000010000000000110000000001001 
84 17115000 000000000000000000000000000000000100000000000000000000000000000001000001001 
85 17435000 000000000000000000000000000000001000001000010000000001110000000001000001011 
86 17455000 000000000000000000000000000000000011110001010000000010010101110011000001011 
87 17475000 000000000000000000000000000000000100000000000000000000000000000000000001011 
91 17775000 000000000000000000000000000000001000000000010000100001010100000010000001001 
92 17795000 000000000000000000000000000000000000000000000000010000000000110000000001001 
93 17815000 000000000000000000000000000000000100000000000000000000000000000001000001001 
94 18135000 000000000000000000000000000000001000001000010000000001110000000001000001011 
95 18155000 000000000000000000000000000000000011110001010000000010010101110011000001011 
96 18175000 000000000000000000000000000000000100000000000000000000000000000000000001011 
0 0 000000000000000000000000000000000000000000000000000000000000000000000000001