328 42735000 100000000000000000000100000000000000000000000000000000000000000001000100011 
329 42755000 000000000000000000000000000000000000000000000000010000110010011000000100011 
330 42775000 010000000000000000000000000000000000000000000000010000000110000000000100011 
340 43595000 100000000000000000000100000000000000000000000000000000000000000001000100011 
341 43615000 000000000000000000000000000000000000000000000000000000000000000000000100011 
342 43635000 010000000000000000000000000000000000000000000000000000000000000000000100011 
7052 728555000 100000000000000000000100000000000000000000000000000000000000000001000100011 
7053 728575000 000000000000000000000000000000000000000000000000000000000000000000000100011 
7054 728595000 010000000000000000000000000000000000000000000000010000001001110110000100011 
7100 733855000 100000000000000000000100000000000000000000000000000000000000000001000100011 
7101 733875000 000100001000000001010000011000000101000001000000010100000010000001000100011 
7102 733895000 010100010000000001010000111000000101000011000000010100001010000001000100011 
7106 734555000 100000000000000000000100000000000000000000000000000000000000000001000100011 
7107 734575000 000100011000000001010001011000000101000101000000010100010010000001000100011 
7108 734595000 010100100000000001010001111000000101000111000000010100011010000001000100011 
7112 735255000 100000000000000000000100000000000000000000000000000000000000000001000100011 
7113 735275000 000100101000000001010010011000000101001001000000010100100010000001000100011 
7114 735295000 010100110000000001010010111000000101001011000000010100101010000001000100011 
7118 735955000 100000000000000000000100000000000000000000000000000000000000000001000100011 
7119 735975000 000100111000000001010011011000000101001101000000010100110010000001000100011 
7120 735995000 010110001011111001010011111000000101001111000000010100111010000001000100011 
7124 736655000 100000000000000000000100000000000000000000000000000000000000000001000100011 
7125 736675000 000000001011111110010000101000010100110000000000101010000001110011000100011 
7126 736695000 010001001010010111010001010000010100000000000000101101100001100011000100011 
7130 737455000 100000000000000000000100000000000000000000000000000000000000000001000100011 
7131 737475000 001011111111011101111110101010001010101001001000110000000000000000000100011 
7132 737495000 010000100100000010100000101001001100000000000000000000001010010111000100011 
7136 738095000 100000000000000000000100000000000000000000000000000000000000000001000100011 
7137 738115000 001011111111011101111110101010001010101001001000110000000000000000000100011 
7138 738135000 010000100100000010100000101001001100000000000000000000001010010111000100011 
7142 738755000 100000000000000000000100000000000000000000000000000000000000000001000100011 
7143 738775000 000000000000110000000100000111001100110000010100101001000001110011000100011 
7144 738795000 011111000000000000000000001101001111110000000000000000000001010011000100011 
7148 739455000 100000000000000000000100000000000000000000000000000000000000000001000100011 
7149 739475000 001111000000000000000000011101001111110000000000000000000101010011000100011 
7150 739495000 011111000000000000000000101101001111110000000000000000001001010011000100011 
7154 740135000 100000000000000000000100000000000000000000000000000000000000000001000100011 
7155 740155000 001111000000000000000000011101001111110000000000000000000101010011000100011 
7156 740175000 011111000000000000000000101101001111110000000000000000001001010011000100011 
7160 740835000 100000000000000000000100000000000000000000000000000000000000000001000100011 
7161 740855000 001111000000000000000000111101001111110000000000000000001101010011000100011 
7162 740875000 011111000000000000000001001101001111110000000000000000010001010011000100011 
7166 741535000 100000000000000000000100000000000000000000000000000000000000000001000100011 
7167 741555000 001111000000000000000001011101001111110000000000000000010101010011000100011 
7168 741575000 011111000000000000000001101101001111110000000000000000011001010011000100011 
7172 742235000 100000000000000000000100000000000000000000000000000000000000000001000100011 
7173 742255000 001111000000000000000001111101001111110000000000000000011101010011000100011 
7174 742275000 011111000000000000000010001101001111110000000000000000100001010011000100011 
7178 742935000 100000000000000000000100000000000000000000000000000000000000000001000100011 
7179 742955000 001111000000000000000010011101001111110000000000000000100101010011000100011 
7180 742975000 011111000000000000000010101101001111110000000000000000101001010011000100011 
7184 743635000 100000000000000000000100000000000000000000000000000000000000000001000100011 
7185 743655000 001111000000000000000010111101001111110000000000000000101101010011000100011 
7186 743675000 011111000000000000000011001101001111110000000000000000110001010011000100011 
7190 744335000 100000000000000000000100000000000000000000000000000000000000000001000100011 
7191 744355000 001111000000000000000011011101001111110000000000000000110101010011000100011 
7192 744375000 011111000000000000000011101101001111110000000000000000111001010011000100011 
7196 745035000 100000000000000000000100000000000000000000000000000000000000000001000100011 
7197 745055000 001111000000000000000011111101001111110000000000000000111101010011000100011 
7198 745075000 010000001110000010100000101001001100000000000000000000001010010111000100011 
7202 745735000 100000000000000000000100000000000000000000000000000000000000000001000100011 
7203 745755000 000000000000000000001000011001011100110000010100101001000001110011000100011 
7204 745775000 011000010111110001100000100001001100010110110000011000000110010011000100011 
7208 746435000 100000000000000000000100000000000000000000000000000000000000000001000100011 
7209 746455000 001111000101000000001001010111001111111100000000100111001000010011000100011 
7210 746475000 010001011000010011000000001011010101110000011000110100010110000101000100011 
7214 747135000 100000000000000000000100000000000000000000000000000000000000000001000100011 
7215 747155000 000000000000010101000000010001001110010010001100100000000100010101000100011 
7216 747175000 010100001100100000000100000110111110010001000100100000000101000110000100011 
7220 747875000 100000000000000000000100000000000000000000000000000000000000000001000100011 
7221 747895000 001110110111100011111111101110011110111100001000110000011110100001000100011 
7222 747915000 010111000101110001100000001000001010000000100000101111111011000111000100011 
7226 748515000 100000000000000000000100000000000000000000000000000000000000000001000100011 
7227 748535000 000000000000000010000001001001001111101101001001101111000100100010000100011 
7228 748555000 010100000010000100100001000011001100000000000000100000010000010011000100011 
7232 749215000 100000000000000000000100000000000000000000000000000000000000000001000100011 
7233 749235000 001000100110101010111000010101001011100101010011101000011000100010000100011 
7234 749255000 010000000000000000000001011001011110000101000100101000101000101110000100011 
7244 749915000 100000000000000000000100000000000000000000000000000000000000000001000100011 
7245 749935000 001110100101001010111101010000011001010001010001011000010110010011000100011 
7246 749955000 011111010010111111111100001110111110001010100100101111110011010110000100011 
7256 750655000 100000000000000000000100000000000000000000000000000000000000000001000100011 
7257 750675000 001110011110110011100000001000001001100001001001010111010000000010000100011 
7258 750695000 010000011010110011100010111001110110001111110010010000000011000101000100011 
7271 751335000 100000000000000000000100000000000000000000000000000000000000000001000100011 
7272 751355000 001000011110101010100101100010111011001111100100010000000011000101000100011 
7273 751375000 011100011100000011000001011000010100000010110101010111011101100011000100011 
7277 752075000 100000000000000000000100000000000000000000000000000000000000000001000100011 
7278 752095000 001111111011100111100011111010001100000111100001011111111111110101000100011 
7279 752115000 010111111111100011100000001000001011111110101101100001101011100011000100011 
7283 752715000 100000000000000000000100000000000000000000000000000000000000000001000100011 
7284 752735000 001011011100000011000001011010000110000111101010101111111011010101000100011 
7285 752755000 011111111011100111101111000010001100000111101000011111111110000101000100011 
7289 753395000 100000000000000000000100000000000000000000000000000000000000000001000100011 
7290 753415000 000100010110000001100011100000010100000100010000100000011000010011000100011 
7291 753435000 011111011111011111111100001110111100000000100010101000010100110011000100011 
7295 754135000 100000000000000000000100000000000000000000000000000000000000000001000100011 
7296 754155000 001000000010000010100000001000001011111110110101111110101011100011000100011 
7297 754175000 011001011000101010100010111001110100000000110001010110011110110011000100011 
7301 754795000 100000000000000000000100000000000000000000000000000000000000000001000100011 
7302 754815000 001000011110101010110010111001000100001111111101011111010110010011000100011 
7303 754835000 011000111110100011000001111000010100000010110001010111101001100011000100011 
7307 755495000 100000000000000000000100000000000000000000000000000000000000000001000100011 
7308 755515000 001000000010000010111111101111011000011101111000111111111010110111000100011 
7309 755535000 010001010110010011100011110100110100000000100001011001011100010011000100011 
7316 756335000 100000000000000000000100000000000000000000000000000000000000000001000100011 
7317 756355000 001110011101011111111100001110111110000101110100101000010101001110000100011 
7318 756375000 010010101111000000000000001110111101000101000000010100010110000001000100011 
7436 762315000 100000000000000000000100000000000000000000000000000000000000000001000100011 
7437 762335000 001110011101011111111100001110111110000101110100101000010101001110000100011 
7438 762355000 010010101111000000000000001110111101000101000000010100010110000001000100011 
7448 762995000 100000000000000000000100000000000000000000000000000000000000000001000100011 
7449 763015000 000011001101100000000000000110111110100000000000011100000011110111000100011 
7450 763035000 010111000101111001100000001000001010100000000000011100000100010001000100011 
7460 763855000 100000000000000000000100000000000000000000000000000000000000000001000100011 
7461 763875000 001000000010000010000000010100000101010101011111010110000010100010000100011 
7462 763895000 010000010100010011000000000000000000000101000101110001000101000001000100011 
7466 764515000 100000000000000000000100000000000000000000000000000000000000000001000100011 
7467 764535000 001011111100011111111100001110111111100100000001100001110111100101000100011 
7468 764555000 011000000010000010000000010100000101000101000000010110000010100010000100011 
7472 765195000 100000000000000000000100000000000000000000000000000000000000000001000100011 
7473 765215000 000000001100010011011100010001110110000000100000100110000101000101000100011 
7474 765235000 011111110000110110111110000011001011110100001011100000001010000001000100011 
7481 765875000 100000000000000000000100000000000000000000000000000000000000000001000100011 
7482 765895000 000000000000000000000001010001011110000110100110101000011000101010000100011 
7483 765915000 011110110000000110010001011000000111101100011001010000010100010011000100011 
7496 766575000 100000000000000000000100000000000000000000000000000000000000000001000100011 
7497 766595000 001110110011000110111010001100001011100100101111101110000010111010000100011 
7498 766615000 010110000011100010101111001111111111110000111011111110010000011010000100011 
7505 767315000 100000000000000000000100000000000000000000000000000000000000000001000100011 
7506 767335000 000000000000000000000000000000000000000000000000000000000000000000000100011 
7507 767355000 011110001011001010111001101010011011101010101000100111000100001101000100011 
7520 767995000 100000000000000000000100000000000000000000000000000000000000000001000100011 
7521 768015000 001110111010000110111011100101111011110010010110101111101001010010000100011 
7522 768035000 011110011001100110111010100110001011110110010101101111111001001110000100011 
7538 768775000 100000000000000000000100000000000000000000000000000000000000000001000100011 
7539 768795000 001000010000110010100001001010111010001001001010101110001001101010000100011 
7540 768815000 010001101100010111000000100101000000001010000100111000101110110110000100011 
7556 769555000 100000000000000000000100000000000000000000000000000000000000000001000100011 
7557 769575000 001010000000101001100000000010101100001011000100110000000000000000000100011 
7558 769595000 011001100100000010000001000000010110000101101001101100000100110001000100011 
7571 770235000 100000000000000000000100000000000000000000000000000000000000000001000100011 
7572 770255000 001111111101000101000110101110001100000000000001000100010100000011000100011 
7573 770275000 010000000000010100000010101001001100000000000101000100011010000011000100011 
7586 770955000 100000000000000000000100000000000000000000000000000000000000000001000100011 
7587 770975000 000000000000000000000000000000000000001010000010100111001001100101000100011 
7588 770995000 010111001001100110001000000110111101101100011011000110010101001000000100011 
7592 771715000 100000000000000000000100000000000000000000000000000000000000000001000100011 
7593 771735000 001110000110011100000001111000010101100001100111000000000010100111000100011 
7594 771755000 010010010110000011111000000010001000010001010000011000000010000010000100011 
7598 772375000 100000000000000000000100000000000000000000000000000000000000000001000100011 
7599 772395000 001110010000000110000000000000001000000111100100110000010000000010000100011 
7600 772415000 011000000000100011000000000001010110000111000110111001011110101110000100011 
7607 773075000 100000000000000000000100000000000000000000000000000000000000000001000100011 
7608 773095000 000100011110101001000001001110001000100000001000110000000010100111000100011 
7609 773115000 010000001111110000000001111001001100000000111101010000101101100011000100011 
7613 773495000 100000000000000000000100000000000000000000000000000000000000000001000100011 
7614 773515000 000000000000000000000000000000000000000000000000000000000000000000000100011 
7615 773535000 010000000000000000000000000000000000000000000000000000000000000000000100011 
7619 773915000 100000000000000000000100000000000000000000000000000000000000000001000100011 
7620 773935000 000110010000000010011000001010001000000000111101110000011101100011000100011 
7621 773955000 010000011110010011100000001000001000000001010000010100010100000001000100011 
7634 774675000 100000000000000000000100000000000000000000000000000000000000000001000100011 
7635 774695000 000000000000000000000000000000000010000000000000000001101000111001000100011 
7636 774715000 010000000000000000000000000000000010000000000000000001000010000000000100011 
7640 775095000 100000000000000000000100000000000000000000000000000000000000000001000100011 
7641 775115000 000101100111111101000000100000000000001100000100111000011101010110000100011 
7642 775135000 010000010101010000000001100001001101000101000000010101110011111101000100011 
7730 784175000 100000000000000000000100000000000000000000000000000000000000000001000100011 
7731 784195000 000000101000100001010100000101001101000101001000000110110101101111000100011 
7732 784215000 010000000000000000000000000000000000000000000000000000000000000000000100011 
7826 793695000 100000000000000000000100000000000000000000000000000000000000000001000100011 
7827 793715000 000000000000000010000001010001001110010111001111100000000000000010000100011 
7828 793735000 010011110011100000000000001110111100000000000001110000000000100011000100011 
7838 794435000 100000000000000000000100000000000000000000000000000000000000000001000100011 
7839 794455000 000001000010000111101000000010001101100000000000000000011110110111000100011 
7840 794475000 011110010000000110111000000010001000010001010000011011011111011101000100011 
7847 795095000 100000000000000000000100000000000000000000000000000000000000000001000100011 
7848 795115000 001110010100001001000000000000010001000101000000111000010000101010000100011 
7849 795135000 011000000010000010000000010100000101100100000000100110000010100010000100011 
7859 795835000 100000000000000000000100000000000000000000000000000000000000000001000100011 
7860 795855000 000110010000000010011000001010001000000100000000100010000000100011000100011 
7861 795875000 010010011111110011100000001000001000000001010000010100010100000001000100011 
7865 796255000 100000000000000000000100000000000000000000000000000000000000000001000100011 
7866 796275000 000111001001100110001000000110111101101100011011000110010101001000000100011 
7867 796295000 010000101000100001010100000101001101000101001000000110110101101111000100011 
7871 796935000 100000000000000000000100000000000000000000000000000000000000000001000100011 
7872 796955000 001011011111110101000001000000010111111010100111111111000011101111000100011 
7873 796975000 010000101000100000000001111001001101100000000000000000011100110111000100011 
7877 797575000 100000000000000000000100000000000000000000000000000000000000000001000100011 
7878 797595000 001000000010000010110111111110110110001011100100010001000001000111000100011 
7879 797615000 011110010000100110111011000000011011101000001000100001000100000001000100011 
7883 798235000 100000000000000000000100000000000000000000000000000000000000000001000100011 
7884 798255000 000000001011110101000100110110001110000100001010100100011110101001000100011 
7885 798275000 011111110111111111111100001110111101100000000000000000010010110111000100011 
7898 798995000 100000000000000000000100000000000000000000000000000000000000000001000100011 
7899 799015000 001111000001101111011000010000010101100100101000100110000011100010000100011 
7900 799035000 010010010000000001111111000001111111110000111011111111110001011111000100011 
7904 799675000 100000000000000000000100000000000000000000000000000000000000000001000100011 
7905 799695000 001000100100010001000100000100011110100101000000110110000000000000000100011 
7906 799715000 010010011110000011011000000000000000000111001101111000000010000010000100011 
7917 801435000 100000000000000000000100000000000000000000000000000000000000000001000100011 
7918 801455000 001111110101111111111100001110111100010000100001001010000000100011000100011 
7919 801475000 010110010001000010000100001111010010100000001000110100011110110101000100011 
7923 802155000 100000000000000000000100000000000000000000000000000000000000000001000100011 
7924 802175000 000000000000000000000000000000000010000000000000000001101010000000000100011 
7925 802195000 010000000000000000000000000000000010000000000000000001011101010100000100011 
7929 802835000 100000000000000000000100000000000000000000000000000000000000000001000100011 
7930 802855000 000000000000000000000000000000000000000000000000000000000000000000000100011 
7931 802875000 010000000000000000000000000000000000000000000000000000000000000000000100011 
8246 855515000 100000000000000000000100000000000000000000000000000000000000000001000100011 
8247 855535000 000000000000000000000000000000000000000000000000000000000000000000000100011 
8248 855555000 010000000000000000000000000000000000000000000000000000000000000000000100011 
8252 856315000 100000000000000000000100000000000000000000000000000000000000000001000100011 
8253 856335000 000000000000000000000000000000000010000000000000000001101001001000000100011 
8254 856355000 010000000000000000000000000000000010000000000000000001001101110000000100011 
8261 857415000 100000000000000000000100000000000000000000000000000000000000000001000100011 
8262 857435000 000100001110011100100101111101101000000111100010100001110011110110000100011 
8263 857455000 010110010001010110011000001111011010000111100000101001011111011010000100011 
8267 858055000 100000000000000000000100000000000000000000000000000000000000000001000100011 
8268 858075000 000111101001010010011110011111001001101001000101100110010010110110000100011 
8269 858095000 010110110001010010011010111111001001111011000100100111101010110010000100011 
8273 858475000 100000000000000000000100000000000000000000000000000000000000000001000100011 
8274 858495000 000000000000000000000000000000000000000000000000000000000000000000000100011 
8275 858515000 010000000000000000000000000000000010000000000000000001010001111110000100011 
8279 858895000 100000000000000000000100000000000000000000000000000000000000000001000100011 
8280 858915000 001000000010000010011000010011010101101101000100100110110010110010000100011 
8281 858935000 011000011100100010000000000001011101000110100000111000110000110110000100011 
8285 859315000 100000000000000000000100000000000000000000000000000000000000000001000100011 
8286 859335000 000000000000000000000000000000000000000000000000000000000000000000000100011 
8287 859355000 010000000000000000000000000000000010000000000000000001101010000000000100011 
8291 860095000 100000000000000000000100000000000000000000000000000000000000000001000100011 
8292 860115000 000000000000000000000000000000000000000000000000000000000000000001000100011 
8293 860135000 010000000000000000000000000000000000000000000000000000000000000000000100011 
8297 860875000 100000000000000000000100000000000000000000000000000000000000000001000100011 
8298 860895000 000000000000000000000000000000000000000000000000000000000000000000000100011 
8299 860915000 010000000000000000000000000000000010000000000000000001101010000000000100011 
8303 861655000 100000000000000000000100000000000000000000000000000000000000000001000100011 
8304 861675000 000000000000000000000000000000000000000000000000000000000000000000000100011 
8305 861695000 010000000000000000000000000000000000000000000000000000000000000000000100011 
8309 862435000 100000000000000000000100000000000000000000000000000000000000000001000100011 
8310 862455000 000000000000000000000000000000000000000000000000000000000000000000000100011 
8311 862475000 010000000000000000000000000000000000000000000000000000000000000000000100011 
8315 862855000 100000000000000000000100000000000000000000000000000000000000000001000100011 
8316 862875000 000111000100011101100000001000001001100001001001010100010100000001000100011 
8317 862895000 011110010000101010111100000010001000000011000000010000001100010011000100011 
8321 863275000 100000000000000000000100000000000000000000000000000000000000000001000100011 
8322 863295000 000000000000000000000000000000000000000000000000000000000000000000000100011 
8323 863315000 010000000000000000000000000000000010000000000000000001100001101000000100011 
8327 864075000 100000000000000000000100000000000000000000000000000000000000000001000100011 
8328 864095000 000000000000000000000000000000000000000000000000000000000000000000000100011 
8329 864115000 010000000000000000000000000000000010000000000000000001010110100000000100011 
8333 864755000 100000000000000000000100000000000000000000000000000000000000000001000100011 
8334 864775000 000100110000000100000001000001001100000000000000000000010000010111000100011 
8335 864795000 010111100100010011000000111111000100001001000100110110000000010100000100011 
8339 865455000 100000000000000000000100000000000000000000000000000000000000000001000100011 
8340 865475000 000110010000010100111001101001010110001001101010101111110000001001000100011 
8341 865495000 011110000100011111111100001110111110000101010011101110011010000001000100011 
8345 865875000 100000000000000000000100000000000000000000000000000000000000000001000100011 
8346 865895000 000000000000000000000000000000000000000000000000000000000000000000000100011 
8347 865915000 010000000000000000000000000000000000000000000000000000000000000000000100011 
8351 866295000 100000000000000000000100000000000000000000000000000000000000000001000100011 
8352 866315000 000011001100100011000000000000000000000111000101111000111110011001000100011 
8353 866335000 010000000000010101000101111001001110000000100000100110101011110111000100011 
8357 866935000 100000000000000000000100000000000000000000000000000000000000000001000100011 
8358 866955000 000000000000000000000001110001011100000000000101111110011110010011000100011 
8359 866975000 010110011110000101101000000000000111000010111101110011011000100011000100011 
0 0 000000000000000000000000000000000000000000000000000000000000000000000000001